% nu = 1; k = 1;
1.10e+00	 5.80e-01	 2.96e-01	 1.48e-01	 
7.40e-02	 6.51e-01	 3.28e-01	 1.58e-01	 
7.60e-02	 3.73e-02	 7.11e-01	 3.33e-01	 
1.58e-01	 7.65e-02	 3.74e-02	 1.53e-01	 
7.41e-02	 3.66e-02	 1.83e-02	 9.12e-03	 

% nu = 1; k = 1e-2;
1.15e+00	 6.08e-01	 3.09e-01	 1.54e-01	 7.61e-02	 
7.45e-01	 3.61e-01	 1.70e-01	 8.09e-02	 3.91e-02
7.13e-01	 3.34e-01	 1.59e-01	 7.66e-02	 3.74e-02	 
5.20e+00	 1.44e+00	 3.73e-01	 9.76e-02	 2.71e-02
	
% nu = 1; k = 1e-4; 
1.37e+00	 9.31e-01	 6.52e-01	 4.39e-01	 
2.86e-01	 1.31e+00	 8.51e-01	 5.72e-01	 
3.62e-01	 2.22e-01	 7.17e-01	 3.37e-01	 
1.61e-01	 7.79e-02	 3.82e-02	 5.29e+02	 
1.45e+02	 3.75e+01	 9.62e+00	 2.50e+00	 


% nu = 1e-2; k = 1;
1.15e+00	 6.08e-01	 3.09e-01	 1.54e-01	 
7.61e-02	 4.87e-01	 2.45e-01	 1.23e-01	 
6.14e-02	 3.07e-02	 7.13e-01	 3.34e-01	 
1.59e-01	 7.66e-02	 3.74e-02	 1.53e-01	 
7.41e-02	 3.66e-02	 1.83e-02	 9.12e-03	 

% nu = 1e-2; k = 1e-2;	 
1.37e+00	 9.31e-01	 6.52e-01	 4.39e-01	 
2.86e-01	 4.87e-01	 2.45e-01	 1.23e-01	 
6.15e-02	 3.08e-02	 7.17e-01	 3.37e-01	 
1.61e-01	 7.79e-02	 3.82e-02	 5.29e+00	 
1.46e+00	 3.77e-01	 9.79e-02	 2.66e-02	  

% nu = 1e-2; k = 1e-4;
1.50e+00	 1.08e+00	 8.05e-01	 5.69e-01	 
3.90e-01	 4.87e-01	 2.45e-01	 1.23e-01	 
6.17e-02	 3.09e-02	 7.17e-01	 3.37e-01	 
1.61e-01	 7.82e-02	 3.85e-02	 5.29e+02	 
1.46e+02	 3.75e+01	 9.64e+00	 2.51e+00


% nu = 1e-2; k = 1e-6;
1.54e+00	 1.13e+00	 8.84e-01	 6.56e-01	 
4.67e-01	 4.87e-01	 2.45e-01	 1.23e-01	 
6.19e-02	 3.12e-02	 7.17e-01	 3.37e-01	 
1.61e-01	 7.82e-02	 3.85e-02	 5.29e+04	 
1.46e+04	 3.75e+03	 9.64e+02	 2.51e+02

% nu = 1e-4; k = 1;	 
1.37e+00	 9.31e-01	 6.52e-01	 4.39e-01	 
2.86e-01	 4.87e-01	 2.45e-01	 1.23e-01	 
6.14e-02	 3.07e-02	 7.17e-01	 3.37e-01	 
1.61e-01	 7.79e-02	 3.82e-02	 1.53e-01	 
7.41e-02	 3.66e-02	 1.83e-02	 9.12e-03	

% nu = 1e-4; k = 1e-2;
1.50e+00	 1.08e+00	 8.05e-01	 5.69e-01	 
3.90e-01	 4.87e-01	 2.45e-01	 1.23e-01	 
6.14e-02	 3.07e-02	 7.17e-01	 3.37e-01	 
1.61e-01	 7.82e-02	 3.85e-02	 5.29e+00	 
1.46e+00	 3.77e-01	 9.81e-02	 2.67e-02

% nu = 1e-4; k = 1e-4;	 
1.54e+00	 1.13e+00	 8.84e-01	 6.56e-01	 
4.67e-01	 4.87e-01	 2.45e-01	 1.23e-01	 
6.14e-02	 3.07e-02	 7.17e-01	 3.37e-01	 
1.61e-01	 7.82e-02	 3.85e-02	 5.29e+02	 
1.46e+02	 3.75e+01	 9.64e+00	 2.51e+00	

% nu = 1e-4; k = 1e-6;
1.54e+00	 1.14e+00	 8.97e-01	 6.75e-01	 
4.93e-01	 4.87e-01	 2.45e-01	 1.23e-01	 
6.14e-02	 3.07e-02	 7.17e-01	 3.37e-01	 
1.61e-01	 7.82e-02	 3.85e-02	 5.29e+04	 
1.46e+04	 3.75e+03	 9.64e+02	 2.51e+02	 

% nu = 1e-6; k = 1e-0;
1.50e+00	 1.08e+00	 8.05e-01	 5.69e-01	 
3.90e-01	 4.87e-01	 2.45e-01	 1.23e-01	 
6.14e-02	 3.07e-02	 7.17e-01	 3.37e-01	 
1.61e-01	 7.82e-02	 3.85e-02	 1.53e-01	 
7.41e-02	 3.66e-02	 1.83e-02	 9.12e-03	

% nu = 1e-6; k = 1e-2; 
1.53e+00	 1.14e+00	 8.85e-01	 6.57e-01	 
4.68e-01	 4.87e-01	 2.45e-01	 1.23e-01	 
6.14e-02	 3.07e-02	 7.17e-01	 3.37e-01	 
1.61e-01	 7.82e-02	 3.85e-02	 5.29e+00	 
1.46e+00	 3.77e-01	 9.85e-02	 2.71e-02
	
% nu = 1e-6; k = 1e-4; 
1.55e+00	 1.15e+00	 9.02e-01	 6.79e-01	 
4.96e-01	 4.87e-01	 2.45e-01	 1.23e-01	 
6.14e-02	 3.07e-02	 7.17e-01	 3.37e-01	 
1.61e-01	 7.82e-02	 3.85e-02	 5.29e+02	 
1.46e+02	 3.75e+01	 9.64e+00	 2.51e+00

% nu = 1e-6; k = 1e-6;	 
1.55e+00	 1.15e+00	 9.03e-01	 6.81e-01	 
4.99e-01	 4.87e-01	 2.45e-01	 1.23e-01	 
6.14e-02	 3.07e-02	 7.17e-01	 3.37e-01	 
1.61e-01	 7.82e-02	 3.85e-02	 5.29e+04	 
1.46e+04	 3.75e+03	 9.64e+02	 2.51e+02
