% the results: add the jump term on the interface
% nu = 1; k = 1;
2.13e-02         5.63e-03        1.43e-03        3.57e-04         8.91e-05         
3.35e-01         1.60e-01        7.68e-02        3.75e-02         1.86e-02        
3.08e-01         1.45e-01        6.96e-02        3.40e-02         1.67e-02        
7.41e-02         3.66e-02        1.83e-02        9.12e-03         4.56e-03

% nu = 1; k = 1e-2;
3.17e-02         7.78e-03        1.82e-03        4.20e-04         9.76e-05         
3.77e-01         1.83e-01        8.55e-02        4.03e-02         1.94e-02        
3.15e-01         1.47e-01        7.04e-02        3.42e-02         1.68e-02        
1.31e+00         3.46e-01        9.24e-02        2.58e-02         7.97e-03

% nu = 1; k = 1e-4;
8.56e-02         2.85e-03        9.16e-03        2.93e-03         9.26e-04         
1.46e+00         7.15e-01        4.30e-01        2.54e-01         1.45e-01        
3.36e-01         1.60e-01        7.74e-02        3.77e-02         1.84e-02        
1.40e+02         3.62e+01        9.35e+00        2.44e+00         6.47e-01

% nu = 1; k = 1e-6;
9.69e-02         3.43e-03        1.17e-02        3.88e-03         1.29e-03         
9.04e+00         3.07e+00        1.14e+00        5.36e-01         2.99e-01        
3.37e-01         1.61e-01        7.82e-02        3.85e-02         1.90e-02        
1.40e+04         3.66e+03        9.45e+02        2.47e+02         6.55e+01

% nu = 1e-2; k = 1;
3.17e-02         7.78e-03        1.82e-03        4.20e-04         9.76e-05         
2.45e-01         1.23e-01        6.14e-02        3.07e-02         1.53e-02       
3.15e-01         1.47e-01        7.04e-02        3.42e-02         1.68e-02        
7.38e-02         3.66e-02        1.83e-02        9.12e-03         4.56e-03

% nu = 1e-2; k = 1e-2;
8.56e-02         2.85e-02        9.16e-03        2.93e-03         9.26e-04         
2.45e-01         1.23e-01        6.15e-02        3.08e-02         1.54e-02        
3.36e-01         1.60e-01        7.74e-02        3.77e-02         1.84e-02        
1.40e+00         3.64e-01        9.53e-02        2.60e-02         7.91e-03

% nu = 1e-2; k = 1e-4;
9.69e-02         3.43e-02        1.17e-02        3.88e-03         1.29e-03         
2.61e-01         1.26e-01        6.24e-02        3.12e-02         1.56e-02        
3.37e-01         1.61e-01        7.82e-02        3.85e-02         1.90e-02        
1.40e+02         3.66e+01        9.45e+00        2.47e+00         6.55e-01

% nu = 1e-2; k = 1e-6;
1.00e-01         3.67e-02        1.30e-02        4.46e-03         1.51e-03         
8.91e-01         2.90e-01        9.54e-02        3.71e-02         1.70e-02        
3.37e-01         1.61e-01        7.82e-02        3.85e-02         1.91e-02        
1.41e+04         3.66e+03        9.45e+02        2.47e+02         6.55e+01

% nu = 1e-4; k = 1;
8.56e-02         2.85e-02        9.16e-03        2.93e-03         9.26e-04 
2.45e-01         1.23e-01        6.14e-02        3.07e-02         1.53e-02        
3.36e-01         1.60e-01        7.74e-02        3.77e-02         1.84e-02        
7.40e-02         3.66e-02        1.83e-02        9.12e-03         4.56e-03

% nu = 1e-4; k = 1e-2;
9.69e-02         3.43e-02        1.17e-02        3.88e-03         1.29e-03         
2.45e-01         1.23e-01        6.14e-02        3.07e-02         1.53e-02        
3.37e-01         1.61e-01        7.82e-02        3.85e-02         1.90e-02        
1.41e-00         3.67e-01        9.62e-02        2.63e-02         7.98e-03

% nu = 1e-4; k = 1e-4; 
1.00e-01        3.67e-02        1.30e-02        4.46e-03         1.51e-03   
2.45e-01        1.23e-01        6.14e-02        3.07e-02         1.53e-02        
3.37e-01        1.61e-01        7.82e-02        3.85e-02         1.91e-02        
1.41e+02        3.66e+01        9.45e+00        2.47e+00         6.55e-01

% nu = 1e-4; k = 1e-6;
1.01e-01        3.71e-02        1.33e-02        4.68e-03         1.63e-03   
2.59e-01        1.25e-01        6.18e-02        3.07e-02         1.54e-02       
3.37e-01        1.61e-01        7.82e-02        3.85e-02         1.91e-02       
1.41e+04        3.66e+03        9.45e+02        2.47e+02         6.55e+01        

% nu = 1e-6; k = 1; 
9.69e-02        3.43e-02        1.17e-02        3.88e-03         1.29e-03       
2.45e-01        1.23e-01        6.14e-02        3.07e-02         1.53e-02        
3.37e-01        1.61e-01        7.82e-02        3.85e-02         1.90e-02        
7.40e-02        3.66e-02        1.83e-02        9.12e-03         4.56e-03         

% nu = 1e-6; k = 1e-2
1.00e-01         3.67e-02        1.30e-02       4.46e-03         1.51e-03 
2.45e-01         1.23e-01        6.14e-02       3.07e-02         1.53e-02        
3.37e-01         1.61e-01        7.82e-02       3.85e-02         1.91e-02        
1.41e+00         3.67e-01        9.62e-02       2.63e-02         7.98e-03        


% nu  =1e-6; k = 1e-4
1.01e-01         3.71e-02        1.33e-02       4.68e-03         1.63e-03 
2.45e-01         1.23e-01        6.14e-02       3.07e-02         1.53e-02        
3.37e-01         1.61e-01        7.82e-02       3.85e-02         1.91e-02        
1.41e+02         3.66e+01        9.45e+00       2.47e+00         6.55e-01         


% nu = 1e-6; k = 1e-6
1.01e-01         3.72e-02        1.33e-02       4.71e-03         1.66e-03 
2.45e-01         1.23e-01        6.14e-02       3.07e-02         1.53e-02       
3.37e-01         1.61e-01        7.82e-02       3.85e-02         1.91e-02        
1.41e+04         3.66e+03        9.45e+02       2.47e+02         6.55e+01



