% nu = 1, k = 1,
6.48e-02	 1.90e-02	 5.23e-03	 1.35e-03	 
3.42e-04	 2.27e+00	 9.93e-01	 4.73e-01	 
2.31e-01	 1.14e-01	 8.18e-01	 4.16e-01	 
2.09e-01	 1.05e-01	 5.23e-02	 1.45e-01	 
7.28e-02	 3.64e-02	 1.82e-02	 9.12e-03	

% nu = 1; k = 1e-2;
6.54e-02	 1.84e-02	 4.90e-03	 1.25e-03	 
3.15e-04	 2.26e+00	 9.99e-01	 4.74e-01	 
2.31e-01	 1.14e-01	 8.18e-01	 4.16e-01	 
2.09e-01	 1.05e-01	 5.23e-02	 1.40e+00	 
3.40e-01	 8.96e-02	 2.83e-02	 1.06e-02	 

% nu = 1; k = 1e-4;
6.66e-02	 1.85e-02	 4.93e-03	 1.28e-03	 
3.26e-04	 2.30e+00	 1.01e+00	 4.76e-01	 
2.32e-01	 1.14e-01	 8.18e-01	 4.16e-01	 
2.09e-01	 1.05e-01	 5.23e-02	 1.33e+02	 
3.17e+01	 7.81e+00	 1.95e+00	 4.87e-01	 

% nu = 1; k = 1e-6;
6.75e-02	 1.86e-02	 4.98e-03	 1.29e-03	 
3.27e-04	 2.46e+00	 1.04e+00	 4.81e-01	 
2.32e-01	 1.14e-01	 8.18e-01	 4.16e-01	 
2.09e-01	 1.05e-01	 5.23e-02	 1.33e+04	 
3.16e+03	 7.79e+02	 1.94e+02	 4.85e+01	 


% nu = 1e-2; k = 1;
6.83e-02	 1.88e-02	 4.94e-03	 1.25e-03	 
3.15e-04	 4.87e-01	 2.45e-01	 1.23e-01	 
6.14e-02	 3.07e-02	 8.18e-01	 4.16e-01	 
2.09e-01	 1.05e-01	 5.23e-02	 1.44e-01	 
7.28e-02	 3.64e-02	 1.82e-02	 9.12e-03	 

% nu = 1e-2; k = 1e-2;
7.41e-02	 2.04e-02	 5.21e-03	 1.31e-03	 
3.30e-04	 4.87e-01	 2.45e-01	 1.23e-01	 
6.14e-02	 3.07e-02	 8.18e-01	 4.16e-01	 
2.09e-01	 1.05e-01	 5.23e-02	 1.36e+00	 
3.26e-01	 8.63e-02	 2.67e-02	 1.03e-02	 

% nu = 1e-2; k = 1e-4;
6.76e-02	 1.89e-02	 5.13e-03	 1.32e-03	 
3.32e-04	 4.88e-01	 2.45e-01	 1.23e-01	 
6.14e-02	 3.07e-02	 8.18e-01	 4.16e-01	 
2.09e-01	 1.05e-01	 5.23e-02	 1.33e+02	 
3.16e+01	 7.79e+00	 1.94e+00	 4.85e-01	

% nu = 1e-2; k = 1e-6;
6.76e-02	 1.87e-02	 5.00e-03	 1.30e-03	 
3.30e-04	 4.88e-01	 2.45e-01	 1.23e-01	 
6.14e-02	 3.07e-02	 8.18e-01	 4.16e-01	 
2.09e-01	 1.05e-01	 5.23e-02	 1.33e+04	 
3.16e+03	 7.79e+02	 1.94e+02	 4.85e+01	

% nu = 1e-4; k = 1;
8.05e-02	 2.06e-02	 5.22e-03	 1.32e-03	 
3.30e-04	 4.87e-01	 2.45e-01	 1.23e-01	 
6.14e-02	 3.07e-02	 8.18e-01	 4.16e-01	 
2.09e-01	 1.05e-01	 5.23e-02	 1.44e-01	 
7.27e-02	 3.64e-02	 1.82e-02	 9.12e-03	

% nu = 1e-4; k = 1e-2;
7.65e-02	 2.08e-02	 5.30e-03	 1.33e-03	 
3.28e-04	 4.87e-01	 2.45e-01	 1.23e-01	 
6.14e-02	 3.07e-02	 8.18e-01	 4.16e-01	 
2.09e-01	 1.05e-01	 5.23e-02	 1.36e+00	 
3.25e-01	 8.60e-02	 2.66e-02	 1.03e-02	 

% nu = 1e-4; k = 1e-4;
7.08e-02	 1.97e-02	 5.14e-03	 1.30e-03	 3.26e-04	 
4.87e-01	 2.45e-01	 1.23e-01	 6.14e-02	 3.07e-02	 
8.18e-01	 4.16e-01	 2.09e-01	 1.05e-01	 5.23e-02	 
1.33e+02	 3.16e+01	 7.79e+00	 1.94e+00	 4.85e-01	 

% nu = 1e-4; k = 1e-6;
6.55e-02	 1.95e-02	 5.11e-03	 1.29e-03	 3.23e-04	 
4.87e-01	 2.45e-01	 1.23e-01	 6.14e-02	 3.07e-02	 
8.18e-01	 4.16e-01	 2.09e-01	 1.05e-01	 5.23e-02	 
1.33e+04	 3.16e+03	 7.79e+02	 1.94e+02	 4.85e+01	 

% nu = 1e-6; k = 1;
8.25e-02	 2.10e-02	 5.30e-03	 1.33e-03	 3.33e-04	 
4.87e-01	 2.45e-01	 1.23e-01	 6.14e-02	 3.07e-02	 
8.18e-01	 4.16e-01	 2.09e-01	 1.05e-01	 5.23e-02	
1.44e-01	 7.27e-02	 3.64e-02	 1.82e-02	 9.12e-03	 

% nu = 1e-6; k = 1e-2;
8.35e-02	 2.10e-02	 5.31e-03	 1.33e-03	 3.34e-04	 
4.87e-01	 2.45e-01	 1.23e-01	 6.14e-02	 3.07e-02	 
8.18e-01	 4.16e-01	 2.09e-01	 1.05e-01	 5.23e-02	 
1.34e+00	 3.24e-01	 8.60e-02	 2.66e-02	 1.03e-02	 

% nu = 1e-6; k = 1e-4;
8.37e-02	 2.11e-02	 5.31e-03	 1.34e-03	 3.35e-04	 
4.87e-01	 2.45e-01	 1.23e-01	 6.14e-02	 3.07e-02	 
8.18e-01	 4.16e-01	 2.09e-01	 1.05e-01	 5.23e-02	 
1.33e+02	 3.16e+01	 7.79e+00	 1.94e+00	 4.85e-01	 

% nu = 1e-6; k = 1e-6;
8.37e-02	 2.11e-02	 5.30e-03	 1.23e-03	 2.70e-04	 
4.87e-01	 2.45e-01	 1.23e-01	 6.14e-02	 3.07e-02	 
8.18e-01	 4.16e-01	 2.09e-01	 1.05e-01	 5.23e-02	 
1.33e+04	 3.16e+03	 7.79e+02	 1.94e+02	 4.85e+01	 
